5
(24, 132, 103)
(222, 102, 25)
(222, 108, 32)
(217, 169, 40)
(28, 64, 87)
[0, 0, 0, 0, 0, 0, 0, 0, 0, 0, 0, 0, 0, 0, 0]
[0, 0, 0, 0, 0, 0, 0, 0, 0, 0, 0, 0, 0, 0]
[0, 1, 2, 1, 2, 1, 2, 1, 2, 0, 0, 0, 0, 0]
[0, 0, 1, 2, 1, 1, 1, 1, 1, 0, 0, 0, 0, 0, 0]
[0, 0, 1, 0, 0, 0, 0, 0, 1, 0, 0, 2, 1, 0, 0]
[0, 0, 1, 0, 0, 0, 0, 2, 0, 4, 0, 0, 0, 0]
[0, 0, 1, 0, 4, 4, 0, 2, 0, 4, 0, 1, 0, 0]
[0, 0, 0, 1, 0, 3, 0, 1, 0, 4, 4, 0, 0, 0, 0]
[0, 0, 0, 2, 0, 4, 0, 1, 0, 0, 0, 0, 0, 0, 0]
[0, 0, 0, 2, 0, 0, 1, 0, 4, 0, 4, 0, 0, 0]
[0, 0, 0, 2, 0, 0, 1, 0, 4, 0, 4, 0, 0, 0]
[0, 0, 3, 0, 2, 0, 2, 0, 4, 0, 0, 4, 0, 0, 0]
[0, 0, 3, 0, 1, 0, 1, 0, 4, 2, 2, 4, 0, 0, 0]
[0, 3, 3, 0, 2, 2, 0, 4, 0, 4, 0, 4, 0, 0]
[0, 3, 2, 0, 2, 2, 0, 0, 0, 1, 0, 0, 0, 0]
[0, 3, 3, 3, 0, 1, 0, 4, 0, 0, 0, 0, 4, 0, 0]
[0, 0, 0, 0, 0, 1, 0, 4, 0, 4, 4, 0, 4, 0, 0]
[0, 0, 0, 0, 0, 0, 4, 4, 4, 4, 4, 4, 4, 0]
[0, 0, 0, 0, 0, 0, 0, 0, 0, 0, 0, 0, 0, 0]
[0, 0, 0, 0, 0, 0, 0, 0, 0, 0, 0, 0, 0, 0, 0]